7
0 29 82 46 68 52 72
29 0 55 46 42 43 43
82 55 0 31 62 42 21
46 46 31 0 26 46 51
68 42 62 26 0 47 39
52 43 42 46 47 0 22
72 43 21 51 39 22 0